11 0.39296875 0.5875 0.1203125 0.1890625
11 0.29140625 0.61953125 0.11875 0.171875
11 0.18515625 0.6390625 0.1328125 0.1859375
11 0.8921875 0.56875 0.1875 0.3796875
11 0.76875 0.51328125 0.115625 0.28125
11 0.61640625 0.471875 0.1140625 0.2734375
11 0.7078125 0.46796875 0.1140625 0.2546875
11 0.48203125 0.4625 0.109375 0.246875
11 0.396875 0.4515625 0.0921875 0.184375
11 0.31953125 0.44921875 0.125 0.190625
11 0.10859375 0.48828125 0.1171875 0.2203125
11 0.19765625 0.44921875 0.1171875 0.21875
11 0.259375 0.4296875 0.078125 0.19375
11 0.559375 0.51015625 0.0828125 0.31875
11 0.921875 0.4296875 0.15625 0.2625