0 0.39453125 0.58984375 0.1234375 0.190625
0 0.29296875 0.6234375 0.121875 0.1734375
0 0.1875 0.64453125 0.1359375 0.1890625
0 0.89375 0.56171875 0.19375 0.38125
0 0.76953125 0.50859375 0.1203125 0.2828125
0 0.61640625 0.4703125 0.11875 0.275
0 0.70703125 0.4640625 0.11875 0.25625
0 0.48203125 0.46328125 0.1125 0.2484375
0 0.39609375 0.453125 0.0953125 0.1859375
0 0.31875 0.45234375 0.128125 0.1921875
0 0.1078125 0.4953125 0.1203125 0.221875
0 0.196875 0.4546875 0.1203125 0.2203125
0 0.2578125 0.43359375 0.08125 0.1953125
0 0.559375 0.509375 0.0875 0.31875
0 0.91953125 0.42265625 0.1609375 0.2640625