1 0.45552884615384615 0.12379807692307693 0.01201923076923077 0.014423076923076924
0 0.4411057692307692 0.2668269230769231 0.014423076923076924 0.016826923076923076
0 0.36899038461538464 0.5697115384615384 0.021634615384615384 0.021634615384615384
2 0.3137019230769231 0.2920673076923077 0.5240384615384616 0.4423076923076923
1 0.27403846153846156 0.5168269230769231 0.016826923076923076 0.019230769230769232
4 0.23317307692307693 0.6730769230769231 0.4326923076923077 0.39903846153846156
3 0.18629807692307693 0.3317307692307692 0.019230769230769232 0.016826923076923076
3 0.12259615384615384 0.8040865384615384 0.007211538461538462 0.009615384615384616
5 0.14182692307692307 0.45072115384615385 0.014423076923076924 0.014423076923076924
5 0.11658653846153846 0.4675480769230769 0.016826923076923076 0.014423076923076924
5 0.08774038461538461 0.7704326923076923 0.016826923076923076 0.019230769230769232