1 0.37259615384615385 0.14302884615384615 0.01201923076923077 0.014423076923076924
0 0.3894230769230769 0.2860576923076923 0.014423076923076924 0.019230769230769232
0 0.3870192307692308 0.5973557692307693 0.021634615384615384 0.021634615384615384
2 0.27163461538461536 0.3389423076923077 0.5408653846153846 0.46634615384615385
1 0.28365384615384615 0.5673076923076923 0.016826923076923076 0.021634615384615384
4 0.27884615384615385 0.7295673076923077 0.4495192307692308 0.4182692307692308
3 0.15625 0.40625 0.021634615384615384 0.016826923076923076
3 0.20072115384615385 0.8810096153846154 0.009615384615384616 0.009615384615384616
5 0.140625 0.5324519230769231 0.014423076923076924 0.016826923076923076
5 0.11899038461538461 0.5552884615384616 0.019230769230769232 0.014423076923076924
5 0.15865384615384615 0.8557692307692307 0.016826923076923076 0.021634615384615384