4 0.6105769230769231 0.21634615384615385 0.15384615384615385 0.06971153846153846
4 0.6225961538461539 0.3173076923076923 0.15625 0.07932692307692307
4 0.6370192307692307 0.4375 0.1778846153846154 0.07932692307692307
4 0.6598557692307693 0.5625 0.16826923076923078 0.09615384615384616
4 0.6911057692307693 0.6838942307692307 0.15144230769230768 0.07932692307692307
4 0.7175480769230769 0.7956730769230769 0.15865384615384615 0.09615384615384616
4 0.7512019230769231 0.9050480769230769 0.13942307692307693 0.09134615384615384
4 0.5384615384615384 0.7319711538461539 0.1778846153846154 0.11538461538461539
4 0.4855769230769231 0.5949519230769231 0.19471153846153846 0.11538461538461539
4 0.4387019230769231 0.47596153846153844 0.15625 0.06009615384615385
4 0.4266826923076923 0.11538461538461539 0.15144230769230768 0.07932692307692307
4 0.2668269230769231 0.13822115384615385 0.13942307692307693 0.08173076923076923
4 0.28125 0.2548076923076923 0.13221153846153846 0.07692307692307693
4 0.30649038461538464 0.36177884615384615 0.11298076923076923 0.07211538461538461
4 0.27524038461538464 0.4855769230769231 0.12259615384615384 0.07451923076923077
4 0.3233173076923077 0.6237980769230769 0.11538461538461539 0.07932692307692307
4 0.32211538461538464 0.8389423076923077 0.22115384615384615 0.0889423076923077
4 0.32091346153846156 0.9663461538461539 0.20432692307692307 0.0673076923076923
4 0.0829326923076923 0.4519230769230769 0.1658653846153846 0.09134615384615384
4 0.11899038461538461 0.6430288461538461 0.17067307692307693 0.08413461538461539
4 0.8774038461538461 0.7512019230769231 0.125 0.0889423076923077
4 0.8581730769230769 0.6334134615384616 0.1201923076923077 0.0625
4 0.7764423076923077 0.3125 0.14423076923076922 0.08653846153846154
4 0.8076923076923077 0.44350961538461536 0.13701923076923078 0.07692307692307693
4 0.7295673076923077 0.17427884615384615 0.08653846153846154 0.07692307692307693
2 0.5685096153846154 0.07932692307692307 0.16105769230769232 0.10336538461538461
2 0.4423076923076923 0.17668269230769232 0.12980769230769232 0.0889423076923077
2 0.45072115384615385 0.4170673076923077 0.18990384615384615 0.08653846153846154
2 0.49278846153846156 0.6682692307692307 0.20432692307692307 0.09615384615384616
2 0.5637019230769231 0.8100961538461539 0.18990384615384615 0.11057692307692307
2 0.32091346153846156 0.7572115384615384 0.19471153846153846 0.08653846153846154
2 0.29086538461538464 0.5625 0.1346153846153846 0.07932692307692307
2 0.24879807692307693 0.07451923076923077 0.1466346153846154 0.08173076923076923
2 0.09375 0.15865384615384615 0.14423076923076922 0.08413461538461539
2 0.10216346153846154 0.3016826923076923 0.19951923076923078 0.11057692307692307
2 0.10697115384615384 0.578125 0.18269230769230768 0.09375
2 0.4543269230769231 0.2920673076923077 0.15144230769230768 0.08173076923076923
4 0.4651442307692308 0.3545673076923077 0.12740384615384615 0.07451923076923077