11 0.41328125 0.6078125 0.1546875 0.20625
11 0.3203125 0.66015625 0.15 0.1890625
11 0.22109375 0.7015625 0.165625 0.20625
11 0.884375 0.48515625 0.23125 0.4015625
11 0.765625 0.45703125 0.16875 0.2921875
11 0.60859375 0.4484375 0.1671875 0.2859375
11 0.696875 0.42578125 0.1625 0.2671875
11 0.475 0.4671875 0.15625 0.259375
11 0.3890625 0.47421875 0.1265625 0.1953125
11 0.31328125 0.4875 0.159375 0.209375
11 0.1140625 0.5703125 0.1578125 0.2359375
11 0.19375 0.51328125 0.1578125 0.234375
11 0.25 0.48125 0.115625 0.2015625
11 0.56015625 0.49765625 0.1453125 0.321875
11 0.89765625 0.34375 0.2046875 0.284375