10 0.00703125 0.2390625 0.0140625 0.125
10 0.046875 0.2359375 0.05703125 0.128125
10 0.1125 0.2328125 0.0546875 0.1234375
10 0.171875 0.2328125 0.05390625 0.1375
10 0.2625 0.234375 0.05234375 0.12890625
10 0.325 0.234375 0.05234375 0.128125
10 0.39140625 0.2328125 0.053125 0.1265625
10 0.45390625 0.23515625 0.053125 0.12890625
10 0.54375 0.23671875 0.05234375 0.12890625
10 0.60625 0.23828125 0.05 0.1234375
10 0.66875 0.23984375 0.05390625 0.12890625
10 0.7328125 0.23828125 0.05390625 0.12890625
10 0.81953125 0.23984375 0.0515625 0.1265625
10 0.88125 0.2375 0.05390625 0.13359375
10 0.94375 0.23984375 0.05390625 0.12890625
10 0.990625 0.240625 0.01875 0.12890625
10 0.0421875 0.409375 0.05546875 0.13359375
10 0.1046875 0.409375 0.0578125 0.13046875
10 0.16953125 0.4078125 0.05 0.12890625
10 0.2578125 0.41015625 0.05234375 0.134375
10 0.325 0.40859375 0.0546875 0.13046875
10 0.3875 0.40859375 0.0546875 0.13046875
10 0.453125 0.41015625 0.053125 0.12890625
10 0.54375 0.40859375 0.05390625 0.128125
10 0.6078125 0.41015625 0.053125 0.12890625
10 0.67421875 0.409375 0.0515625 0.13359375
10 0.734375 0.4109375 0.05234375 0.128125
10 0.8234375 0.41328125 0.0546875 0.1265625
10 0.88203125 0.4140625 0.053125 0.128125
10 0.9453125 0.4171875 0.05390625 0.13203125
10 0.990625 0.41875 0.01796875 0.1375
10 0.03671875 0.56171875 0.05625 0.13203125
10 0.1015625 0.5640625 0.05703125 0.128125
10 0.1671875 0.56875 0.05 0.13203125
10 0.25625 0.56328125 0.05390625 0.134375
10 0.3234375 0.565625 0.0546875 0.13359375
10 0.3875 0.56953125 0.05390625 0.1390625
10 0.453125 0.5671875 0.053125 0.134375
10 0.54375 0.56640625 0.05390625 0.13359375
10 0.6078125 0.5671875 0.05234375 0.12890625
10 0.6734375 0.5703125 0.053125 0.13203125
10 0.73671875 0.57109375 0.0515625 0.13046875
10 0.825 0.571875 0.05390625 0.13046875
10 0.8890625 0.57109375 0.05234375 0.13359375
10 0.95234375 0.571875 0.0546875 0.134375
10 0.0328125 0.72109375 0.05390625 0.1390625
10 0.096875 0.7234375 0.05390625 0.13359375
10 0.1625 0.72421875 0.0546875 0.1375
10 0.253125 0.7265625 0.05859375 0.14140625
10 0.3234375 0.72734375 0.05546875 0.140625
10 0.3875 0.7265625 0.05546875 0.1390625
10 0.4515625 0.728125 0.05234375 0.1390625
10 0.5421875 0.728125 0.05390625 0.1375
10 0.61328125 0.7296875 0.0546875 0.13203125
10 0.675 0.73046875 0.05390625 0.14140625
10 0.7375 0.73125 0.05234375 0.14296875
10 0.8296875 0.7296875 0.05703125 0.134375
10 0.8953125 0.73125 0.05703125 0.1375
10 0.9546875 0.73046875 0.0609375 0.13046875