1 0.8737980769230769 0.5637019230769231 0.014423076923076924 0.009615384615384616
0 0.7295673076923077 0.5709134615384616 0.016826923076923076 0.01201923076923077
0 0.42427884615384615 0.6274038461538461 0.019230769230769232 0.019230769230769232
2 0.6983173076923077 0.6971153846153846 0.4182692307692308 0.5048076923076923
1 0.4723557692307692 0.7247596153846154 0.019230769230769232 0.014423076923076924
4 0.3125 0.7584134615384616 0.3798076923076923 0.41346153846153844
3 0.6514423076923077 0.8221153846153846 0.014423076923076924 0.019230769230769232
3 0.17668269230769232 0.8617788461538461 0.009615384615384616 0.007211538461538462
5 0.5300480769230769 0.859375 0.014423076923076924 0.01201923076923077
5 0.5120192307692307 0.8846153846153846 0.01201923076923077 0.016826923076923076
5 0.20793269230769232 0.8978365384615384 0.019230769230769232 0.014423076923076924