4 0.7127403846153846 0.2824519230769231 0.15384615384615385 0.07211538461538461
4 0.6838942307692307 0.3798076923076923 0.15625 0.08173076923076923
4 0.6502403846153846 0.4963942307692308 0.18028846153846154 0.08413461538461539
4 0.6225961538461539 0.6201923076923077 0.16826923076923078 0.0985576923076923
4 0.6045673076923077 0.7439903846153846 0.15144230769230768 0.08173076923076923
4 0.5853365384615384 0.8569711538461539 0.16105769230769232 0.0985576923076923
4 0.5733173076923077 0.9615384615384616 0.14182692307692307 0.07692307692307693
4 0.44471153846153844 0.7295673076923077 0.1778846153846154 0.11778846153846154
4 0.4495192307692308 0.5817307692307693 0.19471153846153846 0.11778846153846154
4 0.453125 0.4543269230769231 0.15625 0.0625
4 0.5829326923076923 0.11658653846153846 0.15144230769230768 0.08173076923076923
4 0.4266826923076923 0.07692307692307693 0.13942307692307693 0.08413461538461539
4 0.3942307692307692 0.18870192307692307 0.1346153846153846 0.07932692307692307
4 0.3762019230769231 0.296875 0.11538461538461539 0.07451923076923077
4 0.29927884615384615 0.39903846153846156 0.125 0.07451923076923077
4 0.28846153846153844 0.5444711538461539 0.11538461538461539 0.08173076923076923
4 0.20432692307692307 0.7427884615384616 0.22115384615384615 0.09134615384615384
4 0.14903846153846154 0.8677884615384616 0.20673076923076922 0.09134615384615384
4 0.1310096153846154 0.2920673076923077 0.1778846153846154 0.09375
4 0.09375 0.48197115384615385 0.17067307692307693 0.08653846153846154
4 0.7487980769230769 0.8786057692307693 0.12740384615384615 0.0889423076923077
4 0.7776442307692307 0.7632211538461539 0.1201923076923077 0.06490384615384616
4 0.8269230769230769 0.43509615384615385 0.14423076923076922 0.0889423076923077
4 0.8052884615384616 0.5685096153846154 0.13701923076923078 0.07932692307692307
4 0.8389423076923077 0.28966346153846156 0.0889423076923077 0.07692307692307693
2 0.7283653846153846 0.13942307692307693 0.16105769230769232 0.10576923076923077
2 0.5733173076923077 0.18028846153846154 0.13221153846153846 0.09134615384615384
2 0.48677884615384615 0.40384615384615385 0.18990384615384615 0.0889423076923077
2 0.4266826923076923 0.6514423076923077 0.20432692307692307 0.10096153846153846
2 0.4375 0.8100961538461539 0.18990384615384615 0.11298076923076923
2 0.234375 0.6670673076923077 0.19471153846153846 0.09134615384615384
2 0.2824519230769231 0.47596153846153844 0.1346153846153846 0.08173076923076923
2 0.4326923076923077 0.026442307692307692 0.14903846153846154 0.052884615384615384
2 0.25721153846153844 0.03485576923076923 0.14423076923076922 0.06971153846153846
2 0.21153846153846154 0.1622596153846154 0.20192307692307693 0.11298076923076923
2 0.10817307692307693 0.4182692307692308 0.18269230769230768 0.09615384615384616
2 0.5396634615384616 0.29086538461538464 0.15144230769230768 0.08413461538461539
4 0.5252403846153846 0.35336538461538464 0.12740384615384615 0.07692307692307693