4 0.6622596153846154 0.24278846153846154 0.14903846153846154 0.04326923076923077
4 0.6550480769230769 0.34375 0.14903846153846154 0.052884615384615384
4 0.6466346153846154 0.4651442307692308 0.17307692307692307 0.04807692307692308
4 0.6454326923076923 0.5925480769230769 0.15865384615384615 0.0673076923076923
4 0.6526442307692307 0.7175480769230769 0.14423076923076922 0.052884615384615384
4 0.6574519230769231 0.8317307692307693 0.14903846153846154 0.06971153846153846
4 0.6694711538461539 0.9459134615384616 0.12980769230769232 0.0673076923076923
4 0.49399038461538464 0.7355769230769231 0.16346153846153846 0.08653846153846154
4 0.4675480769230769 0.5901442307692307 0.18269230769230768 0.08173076923076923
4 0.44471153846153844 0.4651442307692308 0.15384615384615385 0.03125
4 0.5012019230769231 0.10817307692307693 0.14423076923076922 0.052884615384615384
4 0.3401442307692308 0.10096153846153846 0.12980769230769232 0.057692307692307696
4 0.3317307692307692 0.21754807692307693 0.125 0.055288461538461536
4 0.33653846153846156 0.3269230769230769 0.10576923076923077 0.052884615384615384
4 0.2824519230769231 0.44350961538461536 0.11538461538461539 0.052884615384615384
4 0.30288461538461536 0.5877403846153846 0.10576923076923077 0.06009615384615385
4 0.2608173076923077 0.7992788461538461 0.21634615384615385 0.04807692307692308
4 0.23317307692307693 0.9326923076923077 0.19951923076923078 0.05048076923076923
4 0.09615384615384616 0.3737980769230769 0.16826923076923078 0.06009615384615385
4 0.0985576923076923 0.5673076923076923 0.16346153846153846 0.052884615384615384
4 0.8221153846153846 0.8185096153846154 0.11538461538461539 0.0673076923076923
4 0.8257211538461539 0.6995192307692307 0.11538461538461539 0.040865384615384616
4 0.8064903846153846 0.36899038461538464 0.1346153846153846 0.0625
4 0.8125 0.5036057692307693 0.12980769230769232 0.052884615384615384
4 0.7872596153846154 0.22355769230769232 0.07692307692307693 0.0625
2 0.6478365384615384 0.09975961538461539 0.14903846153846154 0.07692307692307693
2 0.5048076923076923 0.171875 0.1201923076923077 0.0673076923076923
2 0.4675480769230769 0.40865384615384615 0.18269230769230768 0.052884615384615384
2 0.46033653846153844 0.6634615384615384 0.1971153846153846 0.06009615384615385
2 0.5036057692307693 0.8161057692307693 0.1778846153846154 0.07692307692307693
2 0.27524038461538464 0.71875 0.1875 0.052884615384615384
2 0.2824519230769231 0.5216346153846154 0.125 0.057692307692307696
2 0.33413461538461536 0.03485576923076923 0.13942307692307693 0.055288461538461536
2 0.1658653846153846 0.08774038461538461 0.1346153846153846 0.06009615384615385
2 0.14783653846153846 0.22956730769230768 0.18990384615384615 0.07451923076923077
2 0.09975961538461539 0.5012019230769231 0.17307692307692307 0.0625
2 0.4951923076923077 0.28725961538461536 0.14423076923076922 0.055288461538461536
4 0.49399038461538464 0.35096153846153844 0.1201923076923077 0.052884615384615384