10 0.87258406875 0.5845048362499999 0.89114216125 0.62005200875 0.9198424262499999 0.6102004475 0.8662214462500001 0.38345781375 0.8237297625 0.34916494375 0.8002825412500001 0.37960956375000005 0.75521890875 0.33606069499999996 0.69868655375 0.392237945 0.66875 0.6430574412500001 0.66875 0.645 0.69376724875 0.645 0.719113255 0.6426320575 0.7211209700000001 0.4818399075 0.7298051999999999 0.5878137775 0.87258406875 0.5845048362499999
8 0.65947902875 0.6125 0.69 0.47448850375 0.69 0.47272735625 0.65401966125 0.4546945275 0.622661035 0.48488232625 0.59595421125 0.448545115 0.54625 0.48115213625000003 0.54625 0.48200402750000004 0.57658236875 0.5015063962499999 0.5694591725 0.6033728374999999 0.6533743387500001 0.6125 0.65947902875 0.6125
8 0.41107314500000003 0.43550180875 0.43713281375 0.4362795175 0.40525587 0.4033974825 0.3612071475 0.40172327125 0.3325 0.4763154675 0.3325 0.4782932975 0.36526754250000004 0.4925 0.3679425075 0.4925 0.4110661325 0.4804163675 0.41107314500000003 0.43550180875
8 0.28 0.39525894 0.28 0.455 0.28379566125 0.455 0.30376619625 0.4507816775 0.32801722125 0.42466211375 0.30705108875 0.39605713375 0.28 0.39525894
3 0.38875 0.535 0.06 0.109375
3 0.29875 0.5 0.0478125 0.0903125
5 0.1925 0.495 0.064375 0.059375
3 0.6561738837500001 0.7275 0.6676152625 0.6218350975 0.6676152625 0.61556696125 0.5805890125 0.60625 0.57375 0.60625 0.57375 0.6418317600000001 0.574869095 0.6858693837500001 0.6557789887500001 0.7275 0.6561738837500001 0.7275
10 0.198149455 0.3877169875 0.15597602625 0.39931801375 0.1475 0.47139716249999997 0.1475 0.47875 0.14813364874999999 0.47875 0.24452197375 0.45623938 0.1973269375 0.39193379624999997 0.19061060625 0.39541604125 0.198149455 0.3877169875
10 0.27555591625000003 0.42608109499999997 0.26084702249999997 0.37779305 0.2480258725 0.39120955625 0.23683814250000002 0.3753820175 0.21625 0.38571226875000003 0.21625 0.38990923 0.24276524375 0.45125 0.25884537625 0.45125 0.27307215500000004 0.44896502 0.27555591625000003 0.42608109499999997
10 0.08610635750000001 0.34837597125 0.04665707875 0.34710059 0.04350639125 0.34655746875 0.006619017499999999 0.36475292000000004 0.07618439375000001 0.41557701625 0.0783946625 0.50347259375 0.11554299875 0.50875 0.1215264825 0.50875 0.107071015 0.46682998875000004 0.1357184075 0.46047692875 0.13500557875 0.38104234374999996 0.08610635750000001 0.34837597125