10 0.10885783874999999 0.62005200875 0.12741593125 0.5845048362499999 0.2701948 0.5878137775 0.27887903 0.4818399075 0.280886745 0.6426320575 0.30623275125 0.645 0.33125 0.645 0.33125 0.6430574412500001 0.30131344625 0.392237945 0.24478109125 0.33606069499999996 0.19971745875 0.37960956375000005 0.17627023749999998 0.34916494375 0.13377855375 0.38345781375 0.08015757375 0.6102004475 0.10885783874999999 0.62005200875
8 0.42514097125 0.50331699125 0.45625 0.48554447875 0.45625 0.48439686875 0.408567455 0.44941444750000004 0.37999548875 0.4843041325 0.35025974625000006 0.45251652124999997 0.3130256225 0.46879870375000005 0.336578985 0.61 0.3451346325 0.61 0.42692312625 0.6054166275 0.42514097125 0.50331699125
8 0.6320919875 0.49375 0.6647055374999999 0.48350475125000003 0.64348107625 0.40456655625000004 0.59949865625 0.40162725125000004 0.56435922875 0.4309971075 0.5903574325000001 0.432947635 0.5856695574999999 0.47761688125 0.6263065587500001 0.49375 0.6320919875 0.49375
8 0.72375 0.3966965425 0.69514405875 0.39554267375 0.6725 0.42230067 0.6725 0.42294587375 0.6946035575 0.45036305374999996 0.715232785 0.45625 0.7187784175 0.45625 0.72375 0.39833438250000003 0.72375 0.3966965425
3 0.61125 0.535 0.0603125 0.109375
3 0.70125 0.5 0.0478125 0.0903125
5 0.8075 0.495 0.0646875 0.0596875
3 0.42241820750000003 0.6075 0.33344363 0.61389458 0.33344363 0.6151841275000001 0.34156062624999994 0.72625 0.34169273375000003 0.72625 0.42425905999999997 0.6873493374999999 0.42875 0.6129795275 0.42875 0.6075 0.42241820750000003 0.6075
10 0.85625 0.47375 0.85625 0.46666319375 0.8415060612499999 0.39550993375 0.79848201875 0.38762870875 0.80666319625 0.39464141124999996 0.79966892625 0.39175778375 0.7582580812499999 0.4599319825 0.854801235 0.47375 0.85625 0.47375
10 0.78625 0.39060635499999996 0.78625 0.3884754075 0.765842005 0.37638424625 0.75357745375 0.391392815 0.74172342375 0.3771146325 0.72368195625 0.42425900875000006 0.7245633662500001 0.4472604475 0.75239681625 0.45375 0.753551645 0.45375 0.78625 0.39060635499999996
10 0.8883280650000001 0.5075 0.9198843425 0.5035775625 0.923628265 0.4157339475 0.99375 0.36635704124999996 0.99375 0.3659668 0.95750584625 0.3472952225 0.9543461587500001 0.34778327249999996 0.91488063125 0.348369975 0.86541874875 0.380177965 0.86331970625 0.45958801 0.89185186 0.46644006875000005 0.8768861925 0.5075 0.8883280650000001 0.5075