10 0.11575607375000001 0.62490906625 0.13242833750000002 0.58843935375 0.27518470875 0.58427129125 0.27831079375 0.47798815875 0.28873096875000004 0.6384548725 0.33978984375000004 0.64053894375 0.29602506 0.387334865 0.23663009124999998 0.33419327875 0.19390738875 0.38004091375000004 0.16889895249999998 0.35086515125 0.1282602525 0.387334865 0.08657954999999999 0.61657306125 0.11575607375000001 0.62490906625
8 0.4096049875 0.4498543725 0.38042846375000006 0.48424009375 0.35125202125 0.45193836374999996 0.31373940499999997 0.46756824125 0.33489581 0.6096354174999999 0.42523525 0.6061531425 0.42523525 0.50403795375 0.45753777749999996 0.48632408499999996 0.4096049875 0.4498543725
8 0.5867479675 0.479030135 0.6305127525 0.49466001249999997 0.6659412849999999 0.48215610249999996 0.64197485 0.4040067175 0.5979166425 0.4026041675 0.56382361375 0.43318248 0.5898740525 0.43422449625 0.5867479675 0.479030135
8 0.72429433 0.3977547825 0.6955728925 0.39609375125 0.6721934537500001 0.42276256250000005 0.69407572625 0.45089634875 0.71804216125 0.45819029875 0.72429433 0.3977547825
3 0.61125 0.535 0.0575 0.1075
3 0.70125 0.5 0.0475 0.09125
5 0.8075 0.495 0.0625 0.0575
3 0.33457975625 0.6134470937500001 0.340831845 0.7259822 0.42419324750000004 0.6884705112499999 0.43044533749999997 0.608237135 0.33457975625 0.6134470937500001
10 0.79931956125 0.38837684125000005 0.807251015 0.39567079125 0.8003616425 0.39254482375 0.75659677875 0.459232275 0.8555884437500001 0.47694614375 0.84204234375 0.3977547825 0.79931956125 0.38837684125000005
10 0.7555548562500001 0.45402231625 0.78577330125 0.387334865 0.7638910275 0.37587293125000004 0.7524287725000001 0.3915028075 0.7398437262500001 0.37786458500000003 0.72429433 0.42588856875 0.72637833375 0.44881235625000004 0.7555548562500001 0.45402231625
10 0.91602549375 0.50299593875 0.9243616649999999 0.41546865125 0.9973028925 0.36962099625 0.961774625 0.348896735 0.9585937262500001 0.34921875125 0.9191515775000001 0.34773918375 0.8680927812500001 0.37691494625 0.8618406125 0.4561063075 0.8899750550000001 0.46444223375 0.87226078875 0.50612190625 0.91602549375 0.50299593875